

Full Subgraph: Subgraph(open=set(), closed=OrderedSet([9976206, 99970754, 115140164, 115137030, 109358599, 99685447, 99635784, 107907216, 99942103, 107134551, 99941146, 115143840, 115148068, 100046630, 105157291, 100075246, 99634799, 99963957, 99683639, 107553401, 114050367]), quality=3.757514921578028, can_be_expanded=False, illicit_nodes=0, licit_nodes=17, unknown_nodes=4, quality_without_size_penalty=72.49167755057329, subgraph_id='47d1d84860b785b489a948630dfed625')
size: 21 , quality: 3.757514921578028 and score without penalty: 72.49167755057329
Illicit: 0, Licit: 17 and Unknown: 4



Full Subgraph: Subgraph(open=set(), closed=OrderedSet([3725934, 100152962, 100042051, 3076292, 99322056, 114776076, 108325518, 86328083, 99933118, 99679765, 102255550, 99932567, 99848344, 113974052, 99847077, 99912228, 100083813, 115228585, 99843177, 99934893, 99318383, 102591599, 774002, 99923773, 113920446]), quality=5.709269284114592, can_be_expanded=False, illicit_nodes=0, licit_nodes=23, unknown_nodes=2, quality_without_size_penalty=123.12267759699185, subgraph_id='ab10939e03012abdaa6704485a673f52')
size: 25 , quality: 5.709269284114592 and score without penalty: 123.12267759699185
Illicit: 0, Licit: 23 and Unknown: 2



Full Subgraph: Subgraph(open=set(), closed=OrderedSet([4125827, 106950401, 98961059, 115228585, 100085868, 107731468, 98975347, 102273556, 113919191, 100138746, 99306876, 99911397, 99204390, 99153067, 99264270, 86327451, 52704607, 99919241, 99271100, 99204386, 99911395]), quality=4.128423080725687, can_be_expanded=False, illicit_nodes=1, licit_nodes=11, unknown_nodes=9, quality_without_size_penalty=68.97501959048127, subgraph_id='24577f090ec18cb0f5a6097cf6ed4217')
size: 21 , quality: 4.128423080725687 and score without penalty: 68.97501959048127
Illicit: 1, Licit: 11 and Unknown: 9



Full Subgraph: Subgraph(open=set(), closed=OrderedSet([12427320, 99262368, 98961059, 113843396, 99923686, 99283623, 106359272, 115228585, 99262636, 99282990, 108274160, 99679765, 113919191, 113972920, 99264270, 86327451, 99911397, 99204390, 99153067, 99191170, 113972107, 99932567, 99263896, 99919241, 99932303, 100020401]), quality=5.2405562838812765, can_be_expanded=False, illicit_nodes=0, licit_nodes=18, unknown_nodes=8, quality_without_size_penalty=115.7855503802836, subgraph_id='dfbb14bf0876813392f05cb82a9feadd')
size: 26 , quality: 5.2405562838812765 and score without penalty: 115.7855503802836
Illicit: 0, Licit: 18 and Unknown: 8



Full Subgraph: Subgraph(open=set(), closed=OrderedSet([99365193, 99245152, 99365012, 99248324, 100081548, 99245134, 105183154, 99924836, 99248597, 100081543, 99932570, 109434293, 99251573, 113842238, 101501017, 99251657, 99251756, 99252078, 99917463, 99677492, 100800889, 99675435, 101063364, 115117684]), quality=4.002073131855665, can_be_expanded=False, illicit_nodes=1, licit_nodes=4, unknown_nodes=19, quality_without_size_penalty=84.13110566351969, subgraph_id='53b804f9ab66d9d763c26acb8d63c759')
size: 24 , quality: 4.002073131855665 and score without penalty: 84.13110566351969
Illicit: 1, Licit: 4 and Unknown: 19



Full Subgraph: Subgraph(open=set(), closed=OrderedSet([98972859, 99186849, 100045540, 99248973, 98978321, 99935915, 99851119, 113849736, 99190634, 99248964, 100085200, 113856611, 99636115, 113995905, 105238988, 115117665, 102249221, 101064166, 115209436, 99934968]), quality=3.818744886857239, can_be_expanded=False, illicit_nodes=3, licit_nodes=1, unknown_nodes=16, quality_without_size_penalty=71.33057425039432, subgraph_id='978b608812aa659dd1625bcbc271471d')
size: 20 , quality: 3.818744886857239 and score without penalty: 71.33057425039432
Illicit: 3, Licit: 1 and Unknown: 16

