

Full Subgraph: Subgraph(open=set(), closed=OrderedSet([23104130, 378195264, 231747912, 325303250, 378470870, 378252184, 378416986, 373076088, 357313885, 378326366, 378617186, 378592556, 378254706, 224895925, 375263222, 378153206, 378599157, 378525516, 378574637, 378574642, 22281695, 378619924, 269115765, 292019793, 246037397]), quality=4.4822293394137995, can_be_expanded=False, illicit_nodes=0, licit_nodes=20, unknown_nodes=5, quality_without_size_penalty=96.66106999155278, subgraph_id='3424bfb8f9c7faf9b40284dac4a3b209')
size: 25 , quality: 4.4822293394137995 and score without penalty: 96.66106999155278
Illicit: 0, Licit: 20 and Unknown: 5

