

Full Subgraph: Subgraph(open=set(), closed=OrderedSet([355141132, 27223768, 355371914, 355371467, 355369106, 326826195, 355371902, 212497175, 242090520, 355368856, 355369245, 355371549, 355371552, 355369250, 143868130, 186635247, 355371895, 355370483, 174898996, 355371446, 355369527, 355369854]), quality=8.301032127338235, can_be_expanded=False, illicit_nodes=0, licit_nodes=19, unknown_nodes=3, quality_without_size_penalty=8.301032127338235, subgraph_id='a3a27bf5f663f78dff6c2ffb970bcd74')
size: 22 , quality: 8.301032127338235 and score without penalty: 8.301032127338235
Illicit: 0, Licit: 19 and Unknown: 3



Full Subgraph: Subgraph(open=set(), closed=OrderedSet([28361537, 355005700, 130581640, 355121931, 355006860, 355007247, 355004624, 355007121, 355198866, 182223312, 355005650, 355006869, 355005653, 183422424, 155287260, 355006942, 241477156, 235325477, 355007143, 355005673, 355007209, 355006827, 355006381, 110549870, 355289715, 355006907, 195866813, 289827365, 355181058, 355181076, 165222044, 213287984, 178916036]), quality=3.9759782751777517, can_be_expanded=False, illicit_nodes=0, licit_nodes=30, unknown_nodes=3, quality_without_size_penalty=101.17239342900272, subgraph_id='7dc4589309b7b34df8b23724711ce92b')
size: 33 , quality: 3.9759782751777517 and score without penalty: 101.17239342900272
Illicit: 0, Licit: 30 and Unknown: 3



Full Subgraph: Subgraph(open=set(), closed=OrderedSet([11214345, 138199818, 355006860, 355007058, 355006869, 355005981, 232546721, 355198753, 235325477, 146846375, 355003624, 355003239, 355006827, 355006381, 110549870, 355204402, 176599737, 266242062, 355106391, 355179997, 355180253, 40820324, 355167721, 163901928, 355181076, 289827365, 213287984]), quality=3.982393340934094, can_be_expanded=False, illicit_nodes=0, licit_nodes=19, unknown_nodes=8, quality_without_size_penalty=90.0377524676141, subgraph_id='b1d1ac6cab520fda84391b8f3c37d2d5')
size: 27 , quality: 3.982393340934094 and score without penalty: 90.0377524676141
Illicit: 0, Licit: 19 and Unknown: 8



Full Subgraph: Subgraph(open=set(), closed=OrderedSet([16827115, 355007104, 229090692, 355367815, 355006860, 355153422, 355003664, 355006995, 180661143, 129791513, 355204382, 355005091, 241477156, 235325477, 203852968, 355007147, 189809580, 300030388, 355007036, 176251709, 355006917, 355004615, 355115463, 355005008, 355005777, 355005780, 27223768, 355004890, 155287260, 355003357, 215544553, 216011499, 355006827, 110549870, 355004159, 355006965, 355007224, 355004415, 162736356, 355090937, 289827365, 344589840, 355215699, 355090934, 355179997, 40820319, 213287984, 355181552, 40820129, 205422615, 355237649, 39848316]), quality=5.049577296643583, can_be_expanded=False, illicit_nodes=1, licit_nodes=39, unknown_nodes=12, quality_without_size_penalty=164.086079798757, subgraph_id='63121e73dfb363a83468c85f4add1eff')
size: 52 , quality: 5.049577296643583 and score without penalty: 164.086079798757
Illicit: 1, Licit: 39 and Unknown: 12

