

Full Subgraph: Subgraph(open=set(), closed=OrderedSet([26185679, 323312704, 383445889, 379595328, 380648641, 379595780, 382879173, 379595205, 380467143, 382945607, 383024265, 236742350, 315722767, 269650385, 179760468, 337902549, 54604885, 380772631, 382972570, 126568158, 383217503, 191293538, 386310707, 386138996, 208221046, 330675831, 102848318, 344663459]), quality=4.532662277160962, can_be_expanded=False, illicit_nodes=0, licit_nodes=24, unknown_nodes=4, quality_without_size_penalty=104.75282288611842, subgraph_id='74ef46ed1ea25f5fbbca0acee395b7cd')
size: 28 , quality: 4.532662277160962 and score without penalty: 104.75282288611842
Illicit: 0, Licit: 24 and Unknown: 4



Full Subgraph: Subgraph(open=set(), closed=OrderedSet([196389183, 383532080, 370942179, 142463076, 382989907, 122015352, 383059694, 386095359, 9906884, 83847885, 386084995, 248932560, 23252523, 381455592, 386085183, 332390284, 12900934, 380760323, 260982977, 384671132, 386144534, 386144578, 381126902]), quality=4.576915302060931, can_be_expanded=False, illicit_nodes=0, licit_nodes=6, unknown_nodes=17, quality_without_size_penalty=93.655645508471, subgraph_id='20c5ca822da11be49f48aa0c3acafd42')
size: 23 , quality: 4.576915302060931 and score without penalty: 93.655645508471
Illicit: 0, Licit: 6 and Unknown: 17



Full Subgraph: Subgraph(open=set(), closed=OrderedSet([376253593, 386128963, 386084551, 358323193, 270279866, 233749580, 386084687, 382885833, 386084692, 381455066, 382885830, 386084745, 380211670, 222184281, 341700983, 277058268, 340686407, 312261272, 277349115, 117264550, 83847885, 386084995, 248932560, 23252523, 381455592, 386085183, 332390284, 12900934, 380760323, 260982977, 384671132, 386144534, 386144578, 381126902]), quality=5.193046394408012, can_be_expanded=False, illicit_nodes=0, licit_nodes=4, unknown_nodes=30, quality_without_size_penalty=134.40787128358107, subgraph_id='e756f3c0eff7b652fe3356a47e5c5220')
size: 34 , quality: 5.193046394408012 and score without penalty: 134.40787128358107
Illicit: 0, Licit: 4 and Unknown: 30

