

Full Subgraph: Subgraph(open=set(), closed=OrderedSet([114488570, 6060482, 116841218, 116898498, 72627845, 115004870, 39344649, 113054794, 115529485, 116829709, 115718351, 115062096, 9376210, 115180884, 116097238, 114653338, 115239651, 56916268, 115186990, 82002608, 116910577, 115123449, 114662652, 116084925]), quality=12.934977559656884, can_be_expanded=False, illicit_nodes=0, licit_nodes=13, unknown_nodes=11, quality_without_size_penalty=12.934977559656884, subgraph_id='b78bd89931c22f5f7daff167d98e220e')
size: 24 , quality: 12.934977559656884 and score without penalty: 12.934977559656884
Illicit: 0, Licit: 13 and Unknown: 11



Full Subgraph: Subgraph(open=set(), closed=OrderedSet([314705, 13785728, 116088068, 115723397, 116823108, 74054280, 1013391, 116086353, 88307474, 115912404, 116179605, 115723285, 110944980, 116083354, 26539290, 116085659, 116823132, 100474142, 115394915, 114743268, 116824233, 115916138, 116102188, 63501805, 115911726, 17887663, 116101613, 116093362, 115912314, 36686206, 28229183]), quality=3.7566498654850897, can_be_expanded=False, illicit_nodes=0, licit_nodes=21, unknown_nodes=10, quality_without_size_penalty=92.20344376159314, subgraph_id='9014053a4c8d3f3920feba72524064db')
size: 31 , quality: 3.7566498654850897 and score without penalty: 92.20344376159314
Illicit: 0, Licit: 21 and Unknown: 10



Full Subgraph: Subgraph(open=set(), closed=OrderedSet([4732368, 40467520, 115539457, 40467521, 7538378, 115728012, 115639436, 66665998, 47667791, 40467476, 115246167, 33549593, 114626716, 114461405, 40467486, 40467487, 115708967, 40467495, 115207596, 1119474, 114665016, 42641146, 93391868]), quality=4.345700167846135, can_be_expanded=False, illicit_nodes=7, licit_nodes=4, unknown_nodes=12, quality_without_size_penalty=88.92437975040386, subgraph_id='e9e758de5080b9dfa63b3b337eee0b40')
size: 23 , quality: 4.345700167846135 and score without penalty: 88.92437975040386
Illicit: 7, Licit: 4 and Unknown: 12



Full Subgraph: Subgraph(open=set(), closed=OrderedSet([26532670, 114634049, 116898498, 115723011, 2842437, 116052901, 115214695, 103318634, 114996749, 116746285, 42769326, 114627217, 78115825, 116058585, 115723004, 115723006, 115198920, 115723394, 115723285, 21677974, 115722990]), quality=3.9938044807496174, can_be_expanded=False, illicit_nodes=7, licit_nodes=5, unknown_nodes=9, quality_without_size_penalty=77.0502826099087, subgraph_id='281d0f0c6479ab980b5afa9abb636622')
size: 21 , quality: 3.9938044807496174 and score without penalty: 77.0502826099087
Illicit: 7, Licit: 5 and Unknown: 9

