

Full Subgraph: Subgraph(open=set(), closed=OrderedSet([2418304, 84749955, 88142087, 1219660, 85005006, 85254478, 84713488, 84729745, 84720917, 86160921, 85002781, 84723614, 84711843, 85255140, 84712358, 84756263, 85004970, 85258540, 84997421, 84730287, 90219187, 85258357, 84756280, 85258498, 84997392, 85003675, 294518684, 105077534, 91438372, 84998565, 294527019, 1260460, 43594415, 84998582, 85614008, 84999610, 294481364, 212352215, 85001977, 85001970, 30747844, 86468149, 85258030]), quality=6.470218923251824, can_be_expanded=False, illicit_nodes=0, licit_nodes=38, unknown_nodes=5, quality_without_size_penalty=190.51138529982285, subgraph_id='9a63c174cdb74a2bdbeb35a26fe8fdfc')
size: 43 , quality: 6.470218923251824 and score without penalty: 190.51138529982285
Illicit: 0, Licit: 38 and Unknown: 5



Full Subgraph: Subgraph(open=set(), closed=OrderedSet([84362570, 84753025, 84720917, 101327205, 244895657, 87146506, 84720940, 280130242, 281887427, 85000328, 84997421, 104807598, 86838961, 85260500, 85001977, 84997392, 85001970, 30747844, 85258030, 86468149]), quality=3.8293891474238104, can_be_expanded=False, illicit_nodes=0, licit_nodes=13, unknown_nodes=7, quality_without_size_penalty=71.5293990583299, subgraph_id='029fa90d8656cd2a95a6b409528bea0c')
size: 20 , quality: 3.8293891474238104 and score without penalty: 71.5293990583299
Illicit: 0, Licit: 13 and Unknown: 7



Full Subgraph: Subgraph(open=set(), closed=OrderedSet([84463826, 84474273, 84463906, 84463940, 84463879, 84463929, 84463867, 84464100, 84463915, 84463950, 84463923, 294620123, 84723716, 84491852, 84463956, 84720917, 87722775, 101327205, 87146506, 84720940, 86838961, 281887427, 85260500, 85000328, 85001977, 84997421, 104807598, 84997392, 85001970, 30747844, 85000325, 85258030, 86468149]), quality=4.196207682132781, can_be_expanded=False, illicit_nodes=0, licit_nodes=12, unknown_nodes=21, quality_without_size_penalty=106.77633154511179, subgraph_id='1eccd5d22b7f19f67ba7cd5d6acfb49d')
size: 33 , quality: 4.196207682132781 and score without penalty: 106.77633154511179
Illicit: 0, Licit: 12 and Unknown: 21



Full Subgraph: Subgraph(open=set(), closed=OrderedSet([84327704, 84728962, 84720939, 85258406, 84720917, 84749918, 87146506, 84720940, 101327205, 281887427, 85000328, 84997421, 104807598, 86838961, 85260500, 85001977, 84997392, 85001970, 30747844, 85258030, 86468149]), quality=3.8408576536907155, can_be_expanded=False, illicit_nodes=0, licit_nodes=11, unknown_nodes=10, quality_without_size_penalty=74.09956323794654, subgraph_id='b177b708bfb11a8d8d56636717a1d535')
size: 21 , quality: 3.8408576536907155 and score without penalty: 74.09956323794654
Illicit: 0, Licit: 11 and Unknown: 10

